411 2,26377 0,377361
411 2,26377 0,451299
411 2,26377 0,406866
411 2,26377 0,329968
411 2,26377 0,433208

411 2,26377 0,726164
411 2,26377 0,730522
411 2,26377 0,291612
411 2,26377 0,282983
411 2,26377 0,38391

411 2,26377 1,50535
411 2,26377 0,318252
411 2,26377 0,281825
411 2,26377 0,291695
411 2,26377 0,391846

411 2,26377 1,56114
411 2,26377 0,283545
411 2,26377 0,20549
411 2,26377 0,289667
411 2,26377 0,429183
411 2,26377 0,227035 2
411 2,26377 0,347287 2
411 2,26377 0,168083 2
411 2,26377 0,1704 2
411 2,26377 0,257785 2
411 2,26377 2,4695 2
411 2,26377 0,700696 2
411 2,26377 0,409281 2
411 2,26377 0,739055 2
411 2,26377 0,96098 2
411 2,26377 2,87743 2
411 2,26377 2,33582 1
411 2,26377 0,257907 1
411 2,26377 0,474268 34
411 2,26377 0,740656 68
411 2,26377 1,06739 136
411 2,26377 2,57852 272
411 2,26377 1,26103 1
411 2,26377 0,716943 1
411 2,26377 0,375522 34
411 2,26377 0,634595 68
411 2,26377 1,04403 136
411 2,26377 2,29915 272

411 2,26377 0,340243 1
411 2,26377 0,399746 1
411 2,26377 0,977557 34
411 2,26377 0,600532 68
411 2,26377 1,06663 136
411 2,26377 2,47873 272

411 2,26377 0,327024 1
411 2,26377 0,504597 1
411 2,26377 0,576081 34
411 2,26377 0,610558 68
411 2,26377 1,02745 136
411 2,26377 2,46699 272

411 2,26377 2,55471 1
411 2,26377 0,306151 1
411 2,26377 0,268476 2
411 2,26377 0,178419 4
411 2,26377 0,258778 8
411 2,26377 0,414996 16

411 2,26377 1,01653 1
411 2,26377 0,722899 1
411 2,26377 0,199706 2
411 2,26377 0,332179 4
411 2,26377 0,331502 8
411 2,26377 0,318204 16

411 2,26377 0,374472 1
411 2,26377 0,98432 1
411 2,26377 0,185485 2
411 2,26377 0,514802 4
411 2,26377 0,497638 8
411 2,26377 0,407854 16

411 2,26377 0,662848 1
411 2,26377 0,538877 1
411 2,26377 0,409447 2
411 2,26377 0,270562 4
411 2,26377 0,282582 8
411 2,26377 0,273345 16
======================

411 2,26377 3,30949 1
411 2,26377 0,273178 1
411 2,26377 0,173715 2
411 2,26377 0,317423 4
411 2,26377 0,217533 8
411 2,26377 0,209546 16
411 2,26377 0,416102 32

411 2,26377 0,530577 1
411 2,26377 0,568732 1
411 2,26377 0,316972 2
411 2,26377 0,236266 4
411 2,26377 0,430006 8
411 2,26377 0,233049 16
411 2,26377 0,312255 32

411 2,26377 1,33017 1
411 2,26377 0,365042 1
411 2,26377 0,185724 2
411 2,26377 0,281962 4
411 2,26377 0,27481 8
411 2,26377 0,399551 16
411 2,26377 0,406074 32

411 2,26377 0,703962 1
411 2,26377 1,02026 1
411 2,26377 0,277075 2
411 2,26377 0,35229 4
411 2,26377 0,31639 8
411 2,26377 0,318482 16
411 2,26377 0,391101 32

411 2,26377 0,235761 1
411 2,26377 0,59384 1
411 2,26377 0,618972 2
411 2,26377 0,505881 4
411 2,26377 0,245916 8
411 2,26377 0,259993 16
411 2,26377 0,446562 32
==============================================

411 2,26377 2,69749 1
411 2,26377 0,362372 1
411 2,26377 0,263871 2
411 2,26377 0,26112 4
411 2,26377 0,772995 8
411 2,26377 0,568968 16
411 2,26377 0,437171 32

411 2,26377 1,02695 1
411 2,26377 0,790311 1
411 2,26377 0,285902 2
411 2,26377 0,454103 4
411 2,26377 0,392523 8
411 2,26377 0,336426 16
411 2,26377 0,648361 32

411 2,26377 0,653721 1
411 2,26377 0,343745 1
411 2,26377 1,296 2
411 2,26377 0,342268 4
411 2,26377 0,269985 8
411 2,26377 0,302314 16
411 2,26377 0,607025 32

411 2,26377 1,44851 1
411 2,26377 0,298272 1
411 2,26377 0,188672 2
411 2,26377 0,292776 4
411 2,26377 0,389791 8
411 2,26377 0,544049 16
411 2,26377 0,770642 32

411 2,26377 1,4417 1
411 2,26377 0,287297 1
411 2,26377 0,165979 2
411 2,26377 0,288618 4
411 2,26377 0,260631 8
411 2,26377 0,42927 16
411 2,26377 0,70024 32

===========================================
411 2,26377 0,564739 1
411 2,26377 0,540104 1
411 2,26377 0,434784 2
411 2,26377 0,300476 4
411 2,26377 0,245706 8
411 2,26377 0,205534 16
411 2,26377 1,09687 32
411 2,26377 1,04582 1
411 2,26377 0,917498 1
411 2,26377 0,282955 2
411 2,26377 0,239292 4
411 2,26377 0,285545 8
411 2,26377 1,09198 16
411 2,26377 0,229617 32
411 2,26377 0,553849 1
411 2,26377 1,03409 1
411 2,26377 0,352918 2
411 2,26377 0,251416 4
411 2,26377 1,34728 8
411 2,26377 0,247733 16
411 2,26377 0,392774 32
411 2,26377 0,579703 1
411 2,26377 0,626563 1
411 2,26377 0,523931 2
411 2,26377 0,248598 4
411 2,26377 0,313267 8
411 2,26377 0,214077 16
411 2,26377 1,11553 32

==============================================

411 2,26377 1,65415 1
411 2,26377 1,03615 1
411 2,26377 0,276424 2
411 2,26377 0,322693 4
411 2,26377 0,235791 8
411 2,26377 1,23381 16
411 2,26377 0,315883 32

411 2,26377 0,631299 1
411 2,26377 0,624655 1
411 2,26377 0,42424 2
411 2,26377 0,279961 4
411 2,26377 0,359338 8
411 2,26377 0,279143 16
411 2,26377 1,08291 32

411 2,26377 0,805198 1
411 2,26377 0,883113 1
411 2,26377 0,297116 2
411 2,26377 0,25442 4
411 2,26377 0,340745 8
411 2,26377 1,09381 16
411 2,26377 0,231314 32

411 2,26377 0,921137 1
411 2,26377 1,01852 1
411 2,26377 0,29514 2
411 2,26377 0,318068 4
411 2,26377 1,1952 8
411 2,26377 0,240233 16
411 2,26377 0,282146 32
=======================================
411 2,26377 0,447003 1
411 2,26377 0,447603 1
411 2,26377 0,24232 2
411 2,26377 0,227963 4
411 2,26377 0,20277 8
411 2,26377 0,203736 16
411 2,26377 0,139596 32

411 2,26377 0,448753 1
411 2,26377 0,443839 1
411 2,26377 0,223514 2
411 2,26377 0,145333 4
411 2,26377 0,118543 8
411 2,26377 0,130703 16
411 2,26377 0,178768 32

411 2,26377 0,443917 1
411 2,26377 0,446128 1
411 2,26377 0,230767 2
411 2,26377 0,241348 4
411 2,26377 0,174708 8
411 2,26377 0,21298 16
411 2,26377 0,130955 32

411 2,26377 0,443746 1
411 2,26377 0,444846 1
411 2,26377 0,230853 2
411 2,26377 0,238717 4
411 2,26377 0,282198 8
411 2,26377 0,23329 16
411 2,26377 0,362324 32

411 2,26377 0,443981 1
411 2,26377 0,446129 1
411 2,26377 0,243664 2
411 2,26377 0,237801 4
411 2,26377 0,181459 8
411 2,26377 0,173789 16
411 2,26377 0,154559 32
411 2.26377 0.472484 1
411 2.26377 0.480144 1
411 2.26377 0.257594 2
411 2.26377 0.274492 4
411 2.26377 0.365342 8
411 2.26377 0.176853 16
411 2.26377 0.145737 32
